49 13
0.7
300
-1.200000 0.000000 0.655853 0.683353 0.000016 1.741063
-1.200000 0.064163 0.655853 0.683353 0.000016 1.741063
-1.200000 0.129136 0.655858 0.683342 0.000043 1.741063
-1.200000 0.195313 0.655864 0.683314 0.000072 1.741049
-1.200000 0.262716 0.655880 0.683275 0.000097 1.741046
-1.200000 0.331092 0.655895 0.683218 0.000117 1.741024
-1.200000 0.400000 0.655923 0.683149 0.000137 1.741020
-1.200000 0.468908 0.655947 0.683068 0.000141 1.740994
-1.200000 0.537284 0.655987 0.683005 0.000151 1.741021
-1.200000 0.604688 0.656015 0.682927 0.000135 1.741006
-1.200000 0.670864 0.656059 0.682820 0.000138 1.741004
-1.200000 0.735837 0.656080 0.682546 0.000101 1.740784
-1.200000 0.800000 0.656107 0.682331 0.000047 1.740640
-1.083390 0.000000 0.655853 0.683353 0.000016 1.741063
-1.083390 0.064163 0.655853 0.683353 0.000016 1.741063
-1.083390 0.129136 0.655858 0.683342 0.000043 1.741063
-1.083390 0.195312 0.655864 0.683314 0.000072 1.741049
-1.083390 0.262716 0.655880 0.683275 0.000097 1.741046
-1.083390 0.331092 0.655895 0.683218 0.000117 1.741024
-1.083390 0.400000 0.655923 0.683149 0.000137 1.741020
-1.083390 0.468908 0.655947 0.683068 0.000141 1.740994
-1.083390 0.537284 0.655987 0.683005 0.000151 1.741021
-1.083390 0.604687 0.656015 0.682927 0.000135 1.741006
-1.083390 0.670864 0.656059 0.682820 0.000138 1.741004
-1.083390 0.735837 0.656080 0.682546 0.000101 1.740784
-1.083390 0.799999 0.656107 0.682331 0.000047 1.740640
-0.967914 0.000000 0.654317 0.683691-0.000016 1.737712
-0.967914 0.064163 0.654317 0.683691-0.000016 1.737712
-0.967914 0.129136 0.654321 0.683695-0.000042 1.737727
-0.967914 0.195312 0.654330 0.683702-0.000075 1.737757
-0.967914 0.262716 0.654344 0.683714-0.000105 1.737801
-0.967914 0.331091 0.654360 0.683725-0.000138 1.737852
-0.967914 0.399999 0.654378 0.683744-0.000168 1.737917
-0.967914 0.468907 0.654399 0.683764-0.000191 1.737987
-0.967914 0.537284 0.654414 0.683785-0.000214 1.738045
-0.967914 0.604687 0.654433 0.683804-0.000216 1.738112
-0.967914 0.670864 0.654432 0.683820-0.000233 1.738128
-0.967914 0.735837 0.654447 0.683931-0.000191 1.738274
-0.967914 0.799999 0.654436 0.684037-0.000097 1.738352
-0.854624 0.000000 0.651230 0.683534 0.000022 1.730132
-0.854624 0.064163 0.651230 0.683534 0.000022 1.730132
-0.854624 0.129136 0.651225 0.683519 0.000059 1.730105
-0.854624 0.195312 0.651213 0.683486 0.000103 1.730041
-0.854624 0.262716 0.651197 0.683434 0.000142 1.729947
-0.854624 0.331091 0.651173 0.683362 0.000184 1.729815
-0.854624 0.399999 0.651148 0.683263 0.000225 1.729651
-0.854624 0.468907 0.651114 0.683154 0.000256 1.729455
-0.854624 0.537283 0.651091 0.683051 0.000295 1.729287
-0.854624 0.604687 0.651052 0.682944 0.000302 1.729077
-0.854624 0.670863 0.651041 0.682773 0.000351 1.728879
-0.854624 0.735836 0.650992 0.682276 0.000307 1.728265
-0.854624 0.799999 0.650993 0.681803 0.000171 1.727799
-0.744426 0.000000 0.648332 0.683893-0.000026 1.723578
-0.744426 0.064163 0.648332 0.683893-0.000026 1.723578
-0.744426 0.129136 0.648341 0.683904-0.000066 1.723611
-0.744426 0.195312 0.648359 0.683921-0.000121 1.723673
-0.744426 0.262716 0.648389 0.683954-0.000170 1.723779
-0.744426 0.331091 0.648424 0.683987-0.000231 1.723897
-0.744426 0.399999 0.648470 0.684052-0.000288 1.724074
-0.744426 0.468908 0.648518 0.684111-0.000344 1.724252
-0.744426 0.537284 0.648562 0.684189-0.000406 1.724443
-0.744426 0.604687 0.648617 0.684236-0.000431 1.724630
-0.744426 0.670864 0.648635 0.684331-0.000520 1.724769
-0.744426 0.735837 0.648707 0.684830-0.000472 1.725442
-0.744426 0.799999 0.648703 0.685450-0.000299 1.726055
-0.638015 0.000000 0.644784 0.683740 0.000028 1.714970
-0.638015 0.064163 0.644784 0.683740 0.000028 1.714970
-0.638015 0.129136 0.644775 0.683721 0.000073 1.714929
-0.638015 0.195312 0.644759 0.683682 0.000134 1.714850
-0.638015 0.262716 0.644731 0.683610 0.000191 1.714705
-0.638015 0.331092 0.644699 0.683517 0.000270 1.714534
-0.638015 0.400000 0.644651 0.683366 0.000344 1.714260
-0.638015 0.468908 0.644605 0.683220 0.000435 1.713993
-0.638015 0.537284 0.644556 0.683035 0.000533 1.713673
-0.638015 0.604687 0.644495 0.682911 0.000596 1.713383
-0.638015 0.670864 0.644472 0.682628 0.000759 1.713038
-0.638015 0.735837 0.644359 0.681586 0.000736 1.711725
-0.638015 0.800000 0.644362 0.680186 0.000520 1.710311
-0.535829 0.000000 0.641738 0.684011-0.000038 1.708046
-0.535829 0.064163 0.641738 0.684011-0.000038 1.708046
-0.535829 0.129136 0.641748 0.684026-0.000104 1.708085
-0.535829 0.195313 0.641764 0.684049-0.000192 1.708148
-0.535829 0.262716 0.641801 0.684099-0.000273 1.708287
-0.535829 0.331092 0.641836 0.684151-0.000393 1.708424
-0.535829 0.400000 0.641906 0.684271-0.000496 1.708719
-0.535829 0.468908 0.641966 0.684358-0.000643 1.708954
-0.535829 0.537284 0.642050 0.684543-0.000778 1.709360
-0.535829 0.604688 0.642135 0.684575-0.000891 1.709616
-0.535829 0.670865 0.642183 0.684810-0.001113 1.709974
-0.535829 0.735838 0.642350 0.686082-0.001121 1.711640
-0.535829 0.800000 0.642371 0.688354-0.000868 1.714012
-0.438015 0.000000 0.639023 0.683914 0.000035 1.701540
-0.438015 0.064163 0.639023 0.683914 0.000035 1.701540
-0.438015 0.129135 0.638978 0.683893 0.000104 1.701411
-0.438015 0.195312 0.638894 0.683852 0.000190 1.701171
-0.438015 0.262715 0.638752 0.683771 0.000272 1.700751
-0.438015 0.331091 0.638593 0.683667 0.000410 1.700267
-0.438015 0.399999 0.638363 0.683461 0.000520 1.699505
-0.438015 0.468907 0.638160 0.683302 0.000732 1.698854
-0.438015 0.537283 0.637907 0.682976 0.000905 1.697894
-0.438015 0.604686 0.637704 0.682901 0.001129 1.697299
-0.438015 0.670862 0.637544 0.682444 0.001451 1.696443
-0.438015 0.735835 0.637265 0.680468 0.001577 1.693813
-0.438015 0.799998 0.637278 0.676295 0.001363 1.689534
-0.344426 0.000000 0.640001 0.683951 0.000012 1.703877
-0.344426 0.064163 0.640001 0.683951 0.000012 1.703877
-0.344426 0.129135 0.639945 0.683965 0.000021 1.703759
-0.344426 0.195312 0.639820 0.683994 0.000010 1.703496
-0.344426 0.262715 0.639668 0.684039-0.000024 1.703186
-0.344426 0.331091 0.639444 0.684103-0.000157 1.702728
-0.344426 0.399998 0.639277 0.684257-0.000272 1.702500
-0.344426 0.468906 0.639028 0.684328-0.000598 1.701997
-0.344426 0.537282 0.638946 0.684661-0.000851 1.702184
-0.344426 0.604685 0.638770 0.684578-0.001319 1.701739
-0.344426 0.670862 0.638789 0.685027-0.001780 1.702269
-0.344426 0.735834 0.638931 0.687363-0.002270 1.704875
-0.344426 0.799997 0.639169 0.694051-0.002137 1.712325
-0.254624 0.000000 0.646380 0.683754 0.000144 1.718765
-0.254624 0.064163 0.646380 0.683754 0.000144 1.718765
-0.254624 0.129137 0.646179 0.683759 0.000457 1.718292
-0.254624 0.195314 0.645763 0.683743 0.000747 1.717285
-0.254624 0.262718 0.645146 0.683739 0.001032 1.715817
-0.254624 0.331094 0.644357 0.683676 0.001342 1.713879
-0.254624 0.400003 0.643357 0.683533 0.001546 1.711357
-0.254624 0.468911 0.642360 0.683481 0.001926 1.708932
-0.254624 0.537288 0.641174 0.683077 0.002092 1.705663
-0.254624 0.604692 0.640223 0.683209 0.002575 1.703478
-0.254625 0.670869 0.639177 0.682580 0.002802 1.700317
-0.254625 0.735842 0.638278 0.679527 0.003178 1.695300
-0.254625 0.800005 0.637673 0.668209 0.002868 1.682185
-0.167914 0.000000 0.658460 0.682904 0.000345 1.746920
-0.167914 0.064162 0.658460 0.682904 0.000345 1.746920
-0.167914 0.129134 0.658150 0.682936 0.000932 1.746203
-0.167914 0.195309 0.657481 0.683042 0.001525 1.744697
-0.167914 0.262712 0.656549 0.683125 0.001958 1.742532
-0.167914 0.331086 0.655275 0.683336 0.002194 1.739680
-0.167914 0.399993 0.653935 0.683574 0.002292 1.736706
-0.167914 0.468900 0.652231 0.683710 0.001832 1.732772
-0.167913 0.537275 0.650925 0.684238 0.001459 1.730257
-0.167913 0.604677 0.649141 0.684069 0.000122 1.725939
-0.167913 0.670853 0.648051 0.684928-0.000601 1.724302
-0.167913 0.735825 0.647139 0.688173-0.002482 1.724990
-0.167913 0.799986 0.646810 0.703382-0.002952 1.739706
-0.083391 0.000000 0.672099 0.681512 0.000661 1.778890
-0.083391 0.064165 0.672099 0.681512 0.000661 1.778890
-0.083392 0.129139 0.671546 0.681643 0.002033 1.777657
-0.083392 0.195318 0.670327 0.681811 0.003275 1.774818
-0.083392 0.262723 0.668541 0.682202 0.004514 1.770816
-0.083392 0.331101 0.666092 0.682476 0.005496 1.765079
-0.083393 0.400011 0.662907 0.682926 0.006338 1.757746
-0.083393 0.468921 0.659399 0.683414 0.007123 1.749678
-0.083393 0.537299 0.654840 0.683557 0.007334 1.738706
-0.083393 0.604704 0.651098 0.684229 0.008613 1.730232
-0.083393 0.670883 0.645167 0.683720 0.007387 1.715427
-0.083393 0.735858 0.642273 0.680415 0.008226 1.705852
-0.083394 0.800022 0.636026 0.658758 0.005519 1.668454
 0.000000 0.000000 0.684453 0.678985 0.001339 1.807160
 0.000000 0.064163 0.684453 0.678985 0.001339 1.807160
 0.000000 0.129136 0.683583 0.679150 0.003692 1.805146
 0.000000 0.195313 0.681946 0.679535 0.006285 1.801437
 0.000000 0.262716 0.679032 0.679981 0.008360 1.794622
 0.000000 0.331092 0.675705 0.680767 0.010504 1.787160
 0.000000 0.400000 0.670355 0.681474 0.011821 1.774686
 0.000000 0.468908 0.665126 0.682234 0.012629 1.762708
 0.000000 0.537284 0.657221 0.682995 0.012857 1.744399
 0.000000 0.604688 0.649894 0.683829 0.011645 1.727924
 0.000000 0.670864 0.639678 0.685710 0.011565 1.705770
 0.000000 0.735837 0.628912 0.689743 0.006913 1.683837
 0.000000 0.800000 0.607864 0.716981 0.004947 1.666359
 0.079375 0.000000 0.698717 0.675218 0.002158 1.839714
 0.079248 0.065414 0.698717 0.675218 0.002158 1.839714
 0.079120 0.131654 0.697567 0.675577 0.006080 1.837129
 0.078993 0.199121 0.695584 0.676121 0.010406 1.832613
 0.078865 0.267838 0.691380 0.677347 0.014320 1.823128
 0.078737 0.337547 0.687268 0.678356 0.018574 1.813747
 0.078610 0.407799 0.677650 0.680576 0.022193 1.791849
 0.078482 0.478051 0.671251 0.682077 0.026856 1.777471
 0.078355 0.547760 0.650999 0.684320 0.029330 1.730536
 0.078227 0.616478 0.642324 0.685253 0.035785 1.710680
 0.078100 0.683945 0.604303 0.685425 0.037712 1.623732
 0.077972 0.750185 0.597373 0.683202 0.059952 1.607749
 0.077844 0.815598 0.513060 0.635699 0.047047 1.382518
 0.155319 0.000000 0.716830 0.668979 0.003434 1.880930
 0.155076 0.066606 0.716830 0.668979 0.003434 1.880930
 0.154833 0.134053 0.715388 0.669348 0.008829 1.877527
 0.154590 0.202749 0.714172 0.669892 0.016418 1.874997
 0.154347 0.272719 0.708666 0.671003 0.021631 1.861766
 0.154104 0.343698 0.706986 0.672004 0.031820 1.858799
 0.153861 0.415230 0.694052 0.673724 0.035853 1.827285
 0.153619 0.486762 0.692982 0.674590 0.051382 1.826538
 0.153376 0.557742 0.668329 0.676084 0.053662 1.766533
 0.153133 0.627712 0.668996 0.675926 0.076067 1.770527
 0.152890 0.696408 0.628482 0.667587 0.074192 1.665905
 0.152647 0.763855 0.632451 0.667456 0.115099 1.682934
 0.152404 0.830461 0.580938 0.618093 0.096645 1.527523
 0.225232 0.000000 0.736163 0.660868 0.004515 1.925025
 0.224893 0.067711 0.736163 0.660868 0.004515 1.925025
 0.224555 0.136277 0.735075 0.660972 0.010415 1.922248
 0.224216 0.206113 0.735071 0.661409 0.020489 1.922886
 0.223878 0.277244 0.731217 0.661567 0.026127 1.912836
 0.223539 0.349401 0.732086 0.662340 0.039383 1.916613
 0.223201 0.422119 0.724818 0.662070 0.043993 1.897240
 0.222862 0.494838 0.726845 0.662715 0.062624 1.904917
 0.222523 0.566995 0.717131 0.661230 0.065285 1.878383
 0.222185 0.638126 0.721112 0.660300 0.090567 1.891450
 0.221846 0.707962 0.711087 0.651617 0.090367 1.859659
 0.221508 0.776528 0.717000 0.648257 0.114052 1.879022
 0.221169 0.844239 0.718649 0.588017 0.109594 1.856701
 0.287346 0.000000 0.751321 0.653060 0.005025 1.959321
 0.286938 0.068694 0.751321 0.653060 0.005025 1.959321
 0.286530 0.138255 0.750763 0.652910 0.010923 1.957721
 0.286123 0.209105 0.751184 0.653276 0.021854 1.959480
 0.285715 0.281268 0.749336 0.652595 0.027715 1.953961
 0.285308 0.354472 0.750825 0.653224 0.041107 1.959374
 0.284900 0.428246 0.748088 0.651340 0.046512 1.950476
 0.284493 0.502021 0.750489 0.651790 0.063650 1.959069
 0.284085 0.575225 0.748528 0.647930 0.068161 1.950854
 0.283677 0.647388 0.751449 0.646810 0.089037 1.960973
 0.283270 0.718238 0.752705 0.636085 0.091761 1.957854
 0.282862 0.787800 0.754840 0.629910 0.111003 1.966634
 0.282455 0.856493 0.753225 0.573604 0.110039 1.942677
 0.340641 0.000000 0.761884 0.646424 0.005254 1.982778
 0.340195 0.069541 0.761884 0.646424 0.005254 1.982778
 0.339748 0.139960 0.761578 0.646122 0.011158 1.981733
 0.339301 0.211683 0.761940 0.646464 0.022402 1.983325
 0.338854 0.284736 0.760818 0.645341 0.028475 1.979390
 0.338407 0.358843 0.762186 0.645894 0.041728 1.984454
 0.337960 0.433527 0.760474 0.643333 0.047707 1.977774
 0.337514 0.508211 0.762650 0.643664 0.063848 1.985692
 0.337067 0.582318 0.761352 0.639266 0.069258 1.978925
 0.336620 0.655371 0.764115 0.637954 0.087529 1.988365
 0.336173 0.727095 0.764628 0.628400 0.091431 1.984430
 0.335726 0.797514 0.765784 0.619409 0.106147 1.989086
 0.335279 0.867054 0.763084 0.565575 0.107663 1.964381
 0.384766 0.000000 0.770223 0.640736 0.005346 2.001283
 0.384310 0.070247 0.770223 0.640736 0.005346 2.001283
 0.383855 0.141381 0.770051 0.640345 0.011255 2.000541
 0.383400 0.213833 0.770358 0.640633 0.022538 2.001934
 0.382945 0.287628 0.769704 0.639233 0.028734 1.999069
 0.382490 0.362488 0.771056 0.639627 0.041597 2.003969
 0.382035 0.437930 0.770316 0.636552 0.047971 1.999598
 0.381580 0.513372 0.772521 0.636643 0.063005 2.007375
 0.381125 0.588232 0.772686 0.631682 0.069217 2.004354
 0.380669 0.662027 0.775240 0.630191 0.085405 2.012934
 0.380214 0.734479 0.776942 0.620800 0.090612 2.012804
 0.379759 0.805613 0.776933 0.609462 0.103422 2.013332
 0.379304 0.875860 0.773364 0.557531 0.106561 1.987981
 0.419947 0.000000 0.776706 0.636087 0.005377 2.015702
 0.419514 0.070816 0.776706 0.636087 0.005377 2.015702
 0.419081 0.142526 0.776599 0.635656 0.011307 2.015118
 0.418647 0.215564 0.776807 0.635914 0.022512 2.016202
 0.418214 0.289956 0.776408 0.634379 0.028767 2.013953
 0.417781 0.365422 0.777667 0.634649 0.041212 2.018484
 0.417348 0.441475 0.777437 0.631310 0.047827 2.015377
 0.416914 0.517528 0.779567 0.631204 0.062018 2.022754
 0.416481 0.592994 0.780187 0.626075 0.068813 2.020997
 0.416048 0.667386 0.782492 0.624455 0.083726 2.028664
 0.415615 0.740425 0.784040 0.615432 0.089846 2.028653
 0.415181 0.812134 0.783347 0.602254 0.101405 2.026525
 0.414748 0.882950 0.779747 0.551618 0.105574 2.002088
 0.446914 0.000000 0.781476 0.632460 0.005387 2.026273
 0.446530 0.071258 0.781476 0.632460 0.005387 2.026273
 0.446146 0.143415 0.781404 0.632016 0.011354 2.025781
 0.445763 0.216910 0.781520 0.632251 0.022447 2.026580
 0.445379 0.291767 0.781274 0.630638 0.028720 2.024713
 0.444996 0.367703 0.782450 0.630786 0.040781 2.028897
 0.444612 0.444231 0.782561 0.627252 0.047531 2.026641
 0.444228 0.520759 0.784630 0.626935 0.061116 2.033648
 0.443845 0.596696 0.785551 0.621678 0.068326 2.032743
 0.443461 0.671553 0.787741 0.619904 0.082394 2.039880
 0.443078 0.745047 0.789419 0.611003 0.089167 2.040560
 0.442694 0.817205 0.788416 0.596390 0.099883 2.036985
 0.442310 0.888463 0.784985 0.546632 0.104769 2.013725
 0.466809 0.000000 0.784878 0.629776 0.005386 2.033802
 0.466499 0.071591 0.784878 0.629776 0.005386 2.033802
 0.466189 0.144086 0.784853 0.629327 0.011385 2.033442
 0.465879 0.217924 0.784944 0.629544 0.022364 2.034147
 0.465569 0.293131 0.784841 0.627895 0.028626 2.032669
 0.465259 0.369423 0.785985 0.627952 0.040361 2.036677
 0.464949 0.446309 0.786345 0.624305 0.047182 2.035071
 0.464639 0.523195 0.788354 0.623842 0.060335 2.041773
 0.464329 0.599487 0.789484 0.618533 0.067843 2.041500
 0.464018 0.674694 0.791585 0.616654 0.081364 2.048234
 0.463708 0.748532 0.793369 0.607812 0.088610 2.049441
 0.463398 0.821027 0.792130 0.592137 0.098799 2.044768
 0.463088 0.892618 0.788752 0.543055 0.104143 2.022132
 0.481110 0.000000 0.787198 0.627837 0.005380 2.038880
 0.480893 0.071838 0.787198 0.627837 0.005380 2.038880
 0.480675 0.144584 0.787251 0.627368 0.011399 2.038734
 0.480457 0.218677 0.787391 0.627543 0.022280 2.039539
 0.480240 0.294143 0.787439 0.625840 0.028528 2.038458
 0.480022 0.370699 0.788562 0.625801 0.040019 2.042319
 0.479804 0.447850 0.789027 0.622055 0.046882 2.040965
 0.479587 0.525001 0.790900 0.621462 0.059735 2.047158
 0.479369 0.601557 0.792081 0.616099 0.067442 2.047038
 0.479151 0.677023 0.794064 0.614131 0.080588 2.053315
 0.478934 0.751116 0.795925 0.605303 0.088149 2.054879
 0.478716 0.823862 0.794577 0.588885 0.097979 2.049590
 0.478498 0.895700 0.791353 0.540275 0.103646 2.027701
 0.491543 0.000000 0.788776 0.626494 0.005367 2.042332
 0.491431 0.072026 0.788776 0.626494 0.005367 2.042332
 0.491319 0.144961 0.788948 0.625996 0.011389 2.042509
 0.491206 0.219248 0.789216 0.626126 0.022189 2.043637
 0.491094 0.294912 0.789446 0.624384 0.028425 2.043053
 0.490982 0.371667 0.790577 0.624295 0.039741 2.046891
 0.490870 0.449020 0.791070 0.620538 0.046630 2.045628
 0.490758 0.526372 0.792787 0.619915 0.059268 2.051335
 0.490646 0.603128 0.793980 0.614582 0.067111 2.051306
 0.490534 0.678792 0.795862 0.612586 0.080005 2.057233
 0.490421 0.753078 0.797824 0.603762 0.087798 2.059178
 0.490309 0.826014 0.796433 0.586764 0.097387 2.053500
 0.490197 0.898039 0.793392 0.538441 0.103286 2.032289
 0.500000 0.000000 0.789917 0.625453 0.005351 2.044780
 0.500000 0.072183 0.789917 0.625453 0.005351 2.044780
 0.500000 0.145278 0.790222 0.624910 0.011370 2.045307
 0.500000 0.219727 0.790633 0.624971 0.022108 2.046788
 0.500000 0.295556 0.791024 0.623161 0.028344 2.046621
 0.500000 0.372478 0.792141 0.622997 0.039540 2.050355
 0.500000 0.450000 0.792571 0.619194 0.046454 2.048891
 0.500000 0.527522 0.794090 0.618504 0.058925 2.053963
 0.500000 0.604445 0.795233 0.613125 0.066857 2.053779
 0.500000 0.680273 0.797008 0.611071 0.079548 2.059317
 0.500000 0.754722 0.799060 0.602221 0.087494 2.061560
 0.500000 0.827817 0.797680 0.584819 0.096889 2.055732
 0.500000 0.900000 0.794855 0.536742 0.102981 2.035263
 0.508457 0.000000 0.791003 0.624550 0.005329 2.047185
 0.508569 0.072340 0.791003 0.624550 0.005329 2.047185
 0.508681 0.145594 0.791430 0.623977 0.011333 2.048040
 0.508794 0.220205 0.791964 0.623999 0.022011 2.049845
 0.508906 0.296199 0.792501 0.622169 0.028249 2.050088
 0.509018 0.373290 0.793624 0.621986 0.039344 2.053821
 0.509130 0.450980 0.794036 0.618218 0.046286 2.052345
 0.509242 0.528671 0.795437 0.617537 0.058601 2.057072
 0.509354 0.605761 0.796616 0.612206 0.066615 2.057049
 0.509467 0.681755 0.798341 0.610148 0.079143 2.062406
 0.509579 0.756366 0.800497 0.601296 0.087245 2.064994
 0.509691 0.829620 0.799100 0.583476 0.096488 2.058901
 0.509803 0.901960 0.796479 0.535538 0.102753 2.039061
 0.518890 0.000000 0.792266 0.623447 0.005303 2.049950
 0.519107 0.072528 0.792266 0.623447 0.005303 2.049950
 0.519325 0.145972 0.792764 0.622846 0.011289 2.050993
 0.519542 0.220776 0.793340 0.622826 0.021909 2.052882
 0.519760 0.296968 0.793949 0.620945 0.028175 2.053300
 0.519978 0.374258 0.795035 0.620677 0.039193 2.056860
 0.520195 0.452150 0.795431 0.616824 0.046191 2.055289
 0.520413 0.530042 0.796725 0.616014 0.058344 2.059597
 0.520631 0.607333 0.797934 0.610574 0.066426 2.059598
 0.520848 0.683524 0.799605 0.608417 0.078738 2.064687
 0.521066 0.758328 0.801838 0.599524 0.086942 2.067523
 0.521284 0.831772 0.800436 0.581338 0.095983 2.061253
 0.521501 0.904300 0.798052 0.533659 0.102451 2.042240
 0.533191 0.000000 0.794004 0.622069 0.005254 2.053875
 0.533501 0.072775 0.794004 0.622069 0.005254 2.053875
 0.533811 0.146469 0.794534 0.621477 0.011196 2.055023
 0.534121 0.221529 0.795098 0.621465 0.021726 2.056880
 0.534431 0.297980 0.795774 0.619611 0.028026 2.057526
 0.534741 0.375534 0.796867 0.619324 0.038943 2.061082
 0.535051 0.453691 0.797397 0.615486 0.046016 2.059933
 0.535361 0.531849 0.798736 0.614633 0.057949 2.064317
 0.535671 0.609403 0.800146 0.609232 0.066127 2.064963
 0.535982 0.685853 0.801848 0.607045 0.078196 2.070074
 0.536292 0.760913 0.804191 0.598152 0.086582 2.073309
 0.536602 0.834607 0.802702 0.579391 0.095444 2.066509
 0.536912 0.907382 0.800504 0.531899 0.102139 2.048126
 0.553087 0.000000 0.796265 0.620076 0.005195 2.058850
 0.553470 0.073109 0.796265 0.620076 0.005195 2.058850
 0.553854 0.147140 0.796786 0.619486 0.011096 2.059982
 0.554238 0.222543 0.797266 0.619444 0.021526 2.061572
 0.554621 0.299345 0.797960 0.617547 0.027910 2.062252
 0.555005 0.377253 0.799006 0.617107 0.038738 2.065551
 0.555388 0.455769 0.799666 0.613092 0.045947 2.064678
 0.555772 0.534284 0.801019 0.611958 0.057613 2.068872
 0.556156 0.612194 0.802593 0.606346 0.065883 2.069881
 0.556539 0.688994 0.804288 0.603956 0.077549 2.074763
 0.556923 0.764398 0.806720 0.594959 0.086025 2.078292
 0.557306 0.838430 0.805168 0.575585 0.094538 2.071065
 0.557690 0.911538 0.803225 0.528560 0.101541 2.053756
 0.580053 0.000000 0.799265 0.617542 0.005092 2.065573
 0.580486 0.073551 0.799265 0.617542 0.005092 2.065573
 0.580920 0.148030 0.799789 0.616989 0.010915 2.066749
 0.581353 0.223889 0.800205 0.616951 0.021157 2.068148
 0.581786 0.301155 0.800993 0.615104 0.027600 2.069160
 0.582219 0.379535 0.802073 0.614603 0.038232 2.072502
 0.582653 0.458525 0.803048 0.610607 0.045553 2.072600
 0.583086 0.537515 0.804565 0.609360 0.056815 2.077150
 0.583519 0.615896 0.806522 0.603824 0.065217 2.079391
 0.583952 0.693161 0.808309 0.601363 0.076457 2.084419
 0.584386 0.769020 0.810919 0.592309 0.085221 2.088601
 0.584819 0.843500 0.809214 0.571900 0.093509 2.080472
 0.585252 0.917050 0.807428 0.525222 0.100848 2.063864
 0.615234 0.000000 0.802894 0.614115 0.004978 2.073493
 0.615690 0.074119 0.802894 0.614115 0.004978 2.073493
 0.616145 0.149174 0.803411 0.613563 0.010761 2.074662
 0.616600 0.225620 0.803738 0.613424 0.020802 2.075717
 0.617055 0.303483 0.804587 0.611492 0.027360 2.076874
 0.617510 0.382469 0.805622 0.610714 0.037795 2.079871
 0.617965 0.462070 0.806822 0.606465 0.045300 2.080499
 0.618420 0.541671 0.808354 0.604756 0.056133 2.084725
 0.618876 0.620657 0.810548 0.598886 0.064653 2.087499
 0.619331 0.698519 0.812324 0.596051 0.075254 2.092135
 0.619786 0.774965 0.815094 0.586659 0.084084 2.096774
 0.620241 0.850020 0.813325 0.565179 0.091813 2.088068
 0.620696 0.924139 0.811859 0.519294 0.099560 2.073009
 0.659359 0.000000 0.807345 0.610063 0.004784 2.083411
 0.659805 0.074825 0.807345 0.610063 0.004784 2.083411
 0.660252 0.150596 0.807892 0.609546 0.010458 2.084706
 0.660699 0.227770 0.808207 0.609331 0.020120 2.085652
 0.661146 0.306374 0.809248 0.607447 0.026672 2.087437
 0.661593 0.386113 0.810370 0.606545 0.036663 2.090569
 0.662040 0.466472 0.812019 0.602395 0.044197 2.092654
 0.662486 0.546831 0.813744 0.600560 0.054364 2.097301
 0.662933 0.626570 0.816474 0.594903 0.062978 2.101898
 0.663380 0.705175 0.818381 0.591992 0.072996 2.106765
 0.663827 0.782349 0.821491 0.582349 0.082253 2.112569
 0.664274 0.858119 0.819565 0.559159 0.089930 2.102702
 0.664721 0.932944 0.818333 0.513564 0.098125 2.088599
 0.712654 0.000000 0.812265 0.605081 0.004579 2.094122
 0.713062 0.075673 0.812265 0.605081 0.004579 2.094122
 0.713470 0.152301 0.812821 0.604540 0.010210 2.095441
 0.713877 0.230349 0.813092 0.604093 0.019488 2.096076
 0.714285 0.309844 0.814244 0.602058 0.026107 2.098120
 0.714692 0.390485 0.815314 0.600734 0.035708 2.100774
 0.715100 0.471754 0.817188 0.596273 0.043389 2.103399
 0.715507 0.553024 0.818845 0.593782 0.053016 2.107341
 0.715915 0.633665 0.821832 0.587569 0.061739 2.112421
 0.716323 0.713160 0.823689 0.583956 0.070971 2.116552
 0.716730 0.791208 0.827130 0.573278 0.080143 2.123020
 0.717138 0.867836 0.825210 0.548532 0.087025 2.112630
 0.717545 0.943509 0.824650 0.503864 0.095656 2.101318
 0.774768 0.000000 0.817768 0.599681 0.004239 2.106371
 0.775107 0.076656 0.817768 0.599681 0.004239 2.106371
 0.775445 0.154279 0.818376 0.599153 0.009670 2.107868
 0.775784 0.233341 0.818712 0.598523 0.018262 2.108538
 0.776122 0.313869 0.820136 0.596524 0.024679 2.111451
 0.776461 0.395557 0.821344 0.595025 0.033456 2.114353
 0.776799 0.477883 0.823765 0.590792 0.040888 2.118842
 0.777138 0.560207 0.825656 0.588235 0.049452 2.123358
 0.777476 0.641897 0.829444 0.582458 0.057981 2.131223
 0.777815 0.722424 0.831520 0.578862 0.066311 2.135909
 0.778153 0.801486 0.835714 0.567591 0.075889 2.144775
 0.778492 0.879110 0.833638 0.540415 0.083289 2.133040
 0.778830 0.955765 0.833735 0.494904 0.092598 2.123455
 0.844681 0.000000 0.823213 0.593752 0.003905 2.118232
 0.844924 0.077759 0.823213 0.593752 0.003905 2.118232
 0.845167 0.156500 0.823824 0.593159 0.009214 2.119705
 0.845410 0.236700 0.824146 0.592194 0.017178 2.120086
 0.845653 0.318387 0.825660 0.589993 0.023532 2.123175
 0.845896 0.401251 0.826774 0.587983 0.031716 2.125415
 0.846139 0.484762 0.829338 0.583386 0.039189 2.130195
 0.846383 0.568272 0.831054 0.580008 0.047148 2.133574
 0.846626 0.651137 0.835122 0.573229 0.055787 2.141727
 0.846869 0.732823 0.837073 0.568287 0.063289 2.145057
 0.847112 0.813023 0.842018 0.554099 0.072653 2.154887
 0.847355 0.891765 0.840098 0.524782 0.078724 2.142710
 0.847598 0.969523 0.842192 0.479045 0.088268 2.139462
 0.920624 0.000000 0.828690 0.587912 0.003400 2.130405
 0.920751 0.078954 0.828690 0.587912 0.003400 2.130405
 0.920878 0.158906 0.829346 0.587293 0.008317 2.132007
 0.921006 0.240338 0.829765 0.586077 0.015233 2.132479
 0.921133 0.323280 0.831556 0.583891 0.021068 2.136443
 0.921261 0.407419 0.832848 0.581690 0.027934 2.139041
 0.921388 0.492213 0.836054 0.577421 0.034639 2.146046
 0.921515 0.577006 0.838114 0.574047 0.040671 2.150355
 0.921643 0.661145 0.843429 0.567965 0.048273 2.162797
 0.921770 0.744087 0.845790 0.563209 0.053257 2.167340
 0.921898 0.825520 0.852525 0.548319 0.062177 2.182912
 0.922025 0.905471 0.850371 0.516149 0.068035 2.169243
 0.922152 0.984425 0.854737 0.465743 0.078479 2.171548
 1.000000 0.000000 0.833457 0.582394 0.002986 2.140835
 1.000000 0.080204 0.833457 0.582394 0.002986 2.140835
 1.000000 0.161420 0.834077 0.581685 0.007664 2.142277
 1.000000 0.244141 0.834459 0.580156 0.013779 2.142414
 1.000000 0.328395 0.836222 0.577830 0.019358 2.146240
 1.000000 0.413865 0.837340 0.575231 0.025449 2.148026
 1.000000 0.500000 0.840470 0.570791 0.031972 2.154774
 1.000000 0.586135 0.842191 0.566733 0.037316 2.157537
 1.000000 0.671605 0.847475 0.559595 0.045076 2.169275
 1.000000 0.755859 0.849434 0.552778 0.049397 2.171301
 1.000000 0.838580 0.857101 0.531530 0.059049 2.186784
 1.000000 0.919797 0.855392 0.495609 0.062944 2.172069
 1.000000 1.000000 0.866949 0.432040 0.073290 2.190103
 1.083390 0.000000 0.837746 0.577374 0.002428 2.150287
 1.083380 0.080280 0.837746 0.577374 0.002428 2.150287
 1.083380 0.161575 0.838376 0.576616 0.006533 2.151730
 1.083370 0.244375 0.838816 0.574877 0.011415 2.151890
 1.083360 0.328710 0.840733 0.572603 0.016164 2.156232
 1.083350 0.414262 0.841975 0.569897 0.020547 2.158279
 1.083340 0.500480 0.845599 0.565907 0.025715 2.166858
 1.083340 0.586698 0.847709 0.561798 0.027972 2.170648
 1.083330 0.672250 0.854329 0.555594 0.033204 2.187072
 1.083320 0.756585 0.857151 0.548134 0.030348 2.191118
 1.083310 0.839385 0.867764 0.527128 0.035825 2.216592
 1.083300 0.920680 0.866421 0.487927 0.022020 2.201371
 1.083300 1.000960 0.882197 0.418663 0.028021 2.234802
 1.167910 0.000000 0.841206 0.573116 0.001944 2.157848
 1.167920 0.080162 0.841206 0.573116 0.001944 2.157848
 1.167920 0.161335 0.841760 0.572362 0.005576 2.159068
 1.167930 0.244013 0.842081 0.570539 0.009439 2.158810
 1.167930 0.328224 0.843761 0.568506 0.013570 2.162611
 1.167940 0.413649 0.844605 0.565939 0.016840 2.163525
 1.167940 0.499739 0.847554 0.562885 0.021307 2.170685
 1.167940 0.585829 0.848750 0.559322 0.022535 2.171993
 1.167950 0.671255 0.853338 0.555599 0.026998 2.183693
 1.167950 0.755465 0.854315 0.549554 0.023804 2.182818
 1.167960 0.838142 0.858957 0.536172 0.028126 2.193793
 1.167960 0.919317 0.855191 0.501940 0.016023 2.172842
 1.167970 0.999478 0.856331 0.470042 0.017245 2.173653
 1.254620 0.000000 0.843980 0.569522 0.001512 2.163844
 1.254620 0.080219 0.843980 0.569522 0.001512 2.163844
 1.254620 0.161450 0.844477 0.568784 0.004680 2.164902
 1.254620 0.244187 0.844759 0.566921 0.007604 2.164501
 1.254620 0.328458 0.846306 0.565122 0.011048 2.168059
 1.254620 0.413943 0.847040 0.562678 0.013235 2.168708
 1.254610 0.500095 0.849765 0.560350 0.016741 2.175664
 1.254610 0.586247 0.850896 0.557141 0.016856 2.176973
 1.254610 0.671733 0.855170 0.554772 0.019942 2.188493
 1.254610 0.756003 0.856351 0.549005 0.016146 2.188489
 1.254610 0.838740 0.860455 0.536662 0.018716 2.198528
 1.254610 0.919972 0.857463 0.502924 0.010416 2.180519
 1.254610 1.000190 0.857412 0.473569 0.011236 2.178101
 1.344430 0.000000 0.846196 0.566496 0.001152 2.168566
 1.344430 0.080199 0.846196 0.566496 0.001152 2.168566
 1.344430 0.161410 0.846612 0.565817 0.003905 2.169415
 1.344430 0.244127 0.846821 0.564017 0.006055 2.168840
 1.344430 0.328376 0.848127 0.562537 0.008885 2.171879
 1.344430 0.413841 0.848639 0.560351 0.010262 2.172014
 1.344430 0.499971 0.850845 0.558850 0.012996 2.177916
 1.344430 0.586101 0.851559 0.556275 0.012557 2.178337
 1.344430 0.671567 0.854790 0.555505 0.014737 2.187580
 1.344430 0.755816 0.855273 0.550691 0.011163 2.186105
 1.344430 0.838532 0.857458 0.540290 0.012708 2.191368
 1.344430 0.919744 0.853693 0.508819 0.006127 2.172149
 1.344430 0.999942 0.852595 0.483828 0.005295 2.167743
 1.438020 0.000000 0.847932 0.563930 0.000869 2.172161
 1.438020 0.080205 0.847932 0.563930 0.000869 2.172161
 1.438010 0.161423 0.848269 0.563339 0.003249 2.172825
 1.438010 0.244145 0.848423 0.561684 0.004783 2.172182
 1.438010 0.328401 0.849496 0.560530 0.007053 2.174723
 1.438010 0.413872 0.849855 0.558631 0.007833 2.174582
 1.438010 0.500009 0.851612 0.557785 0.009882 2.179522
 1.438010 0.586145 0.852117 0.555784 0.009237 2.179656
 1.438010 0.671617 0.854579 0.556079 0.010683 2.187121
 1.438010 0.755873 0.854865 0.551917 0.007904 2.185564
 1.438010 0.838595 0.855719 0.542020 0.008742 2.187108
 1.438010 0.919813 0.852090 0.512190 0.005028 2.169276
 1.438010 1.000020 0.849295 0.489718 0.003604 2.160056
 1.535830 0.000000 0.849279 0.561759 0.000655 2.174851
 1.535830 0.080202 0.849279 0.561759 0.000655 2.174851
 1.535830 0.161418 0.849542 0.561290 0.002696 2.175367
 1.535830 0.244138 0.849651 0.559867 0.003755 2.174741
 1.535830 0.328391 0.850505 0.559048 0.005517 2.176828
 1.535830 0.413860 0.850744 0.557476 0.005855 2.176539
 1.535830 0.499994 0.852104 0.557140 0.007298 2.180578
 1.535830 0.586128 0.852456 0.555709 0.006568 2.180583
 1.535830 0.671597 0.854337 0.556734 0.007406 2.186643
 1.535830 0.755850 0.854457 0.553149 0.005254 2.185072
 1.535830 0.838570 0.854570 0.543147 0.005602 2.184400
 1.535830 0.919785 0.850944 0.514797 0.003356 2.167477
 1.535830 0.999987 0.848270 0.493189 0.001774 2.158423
 1.638020 0.000000 0.850290 0.559902 0.000499 2.176725
 1.638020 0.080201 0.850290 0.559902 0.000499 2.176725
 1.638020 0.161415 0.850486 0.559592 0.002230 2.177140
 1.638020 0.244133 0.850558 0.558483 0.002942 2.176612
 1.638020 0.328385 0.851210 0.558007 0.004265 2.178299
 1.638020 0.413852 0.851355 0.556786 0.004307 2.177961
 1.638020 0.499984 0.852364 0.556821 0.005261 2.181142
 1.638020 0.586117 0.852600 0.555921 0.004567 2.181102
 1.638020 0.671584 0.853978 0.557402 0.004977 2.185840
 1.638020 0.755836 0.853942 0.554256 0.003445 2.184211
 1.638020 0.838554 0.853346 0.543888 0.003552 2.181318
 1.638020 0.919768 0.849687 0.516869 0.002487 2.165103
 1.638020 0.999969 0.846620 0.496185 0.000968 2.154739
 1.744430 0.000000 0.851037 0.558335 0.000388 2.178005
 1.744430 0.080201 0.851037 0.558335 0.000388 2.178005
 1.744430 0.161415 0.851180 0.558214 0.001836 2.178375
 1.744430 0.244133 0.851225 0.557473 0.002302 2.178006
 1.744430 0.328385 0.851709 0.557331 0.003256 2.179395
 1.744430 0.413852 0.851792 0.556452 0.003107 2.179093
 1.744430 0.499985 0.852527 0.556726 0.003666 2.181566
 1.744430 0.586117 0.852705 0.556279 0.003023 2.181595
 1.744430 0.671585 0.853730 0.557987 0.003102 2.185336
 1.744430 0.755837 0.853604 0.555084 0.002033 2.183750
 1.744430 0.838555 0.852553 0.544117 0.002030 2.179319
 1.744430 0.919769 0.848915 0.518118 0.001730 2.163825
 1.744430 0.999970 0.845809 0.497946 0.000486 2.153151
 1.854620 0.000000 0.851574 0.556999 0.000295 2.178769
 1.854620 0.080202 0.851574 0.556999 0.000295 2.178769
 1.854620 0.161417 0.851674 0.557086 0.001462 2.179139
 1.854620 0.244136 0.851701 0.556756 0.001748 2.178992
 1.854620 0.328389 0.852045 0.556941 0.002401 2.180166
 1.854620 0.413858 0.852088 0.556410 0.002142 2.179975
 1.854620 0.499991 0.852604 0.556842 0.002404 2.181855
 1.854630 0.586125 0.852753 0.556803 0.001818 2.182001
 1.854630 0.671594 0.853504 0.558568 0.001673 2.184905
 1.854630 0.755846 0.853281 0.555712 0.000945 2.183259
 1.854630 0.838566 0.851861 0.544017 0.000932 2.177543
 1.854630 0.919781 0.848207 0.518800 0.001103 2.162540
 1.854630 0.999983 0.845093 0.499031 0.000206 2.151690
 1.967910 0.000000 0.851952 0.555963 0.000226 2.179286
 1.967910 0.080203 0.851952 0.555963 0.000226 2.179286
 1.967910 0.161419 0.852018 0.556248 0.001157 2.179678
 1.967910 0.244140 0.852029 0.556302 0.001322 2.179732
 1.967910 0.328394 0.852265 0.556780 0.001752 2.180764
 1.967910 0.413864 0.852276 0.556550 0.001441 2.180673
 1.967910 0.499999 0.852633 0.557087 0.001495 2.182107
 1.967910 0.586133 0.852766 0.557365 0.000946 2.182346
 1.967910 0.671603 0.853331 0.559088 0.000634 2.184623
 1.967910 0.755857 0.853028 0.556116 0.000115 2.182848
 1.967910 0.838578 0.851345 0.543687 0.000133 2.176169
 1.967910 0.919794 0.847670 0.518987 0.000584 2.161494
 1.967910 0.999997 0.844589 0.499509 0.000027 2.150618
 2.083390 0.000000 0.852223 0.555080 0.000143 2.179518
 2.083390 0.080204 0.852223 0.555080 0.000143 2.179518
 2.083390 0.161420 0.852262 0.555563 0.000806 2.179955
 2.083390 0.244141 0.852270 0.556006 0.000868 2.180261
 2.083390 0.328396 0.852420 0.556757 0.001113 2.181203
 2.083390 0.413866 0.852422 0.556835 0.000795 2.181289
 2.083390 0.500001 0.852659 0.557466 0.000693 2.182366
 2.083390 0.586137 0.852800 0.558066 0.000156 2.182776
 2.083390 0.671607 0.853206 0.559664-0.000276 2.184495
 2.083390 0.755862 0.852790 0.556393-0.000657 2.182498
 2.083390 0.838583 0.850841 0.543124-0.000558 2.174903
 2.083390 0.919799 0.847125 0.518754 0.000063 2.160444
 2.083390 1.000000 0.844078 0.499562-0.000139 2.149613
 2.200000 0.000000 0.852404 0.554635 0.000078 2.179816
 2.200000 0.080204 0.852404 0.554635 0.000078 2.179816
 2.200000 0.161420 0.852425 0.555232 0.000546 2.180271
 2.200000 0.244141 0.852429 0.555926 0.000539 2.180723
 2.200000 0.328395 0.852510 0.556865 0.000675 2.181612
 2.200000 0.413865 0.852504 0.557172 0.000374 2.181812
 2.200000 0.500000 0.852652 0.557926 0.000201 2.182704
 2.200000 0.586135 0.852801 0.558754-0.000307 2.183194
 2.200000 0.671605 0.853088 0.560177-0.000763 2.184471
 2.200000 0.755859 0.852570 0.556453-0.001051 2.182081
 2.200000 0.838580 0.850415 0.542418-0.000892 2.173720
 2.200000 0.919797 0.846648 0.518141-0.000216 2.159281
 2.200000 1.000000 0.843615 0.499141-0.000209 2.148451
